[[959712, 43741, 172972, 58836, 8328, 30747, 10240, 34944, 37719, 51790, 2834, 3060, 2169, 47549, 15720, 1343, 9777, 26950, 9253, 8870, 10612, 421, 1022, 2815, 60169, 89084, 96766, 38195, 27025, 10722, 42409, 14465, 32542, 79755, 22876, 27196, 32115, 27743, 23379, 56075, 32493, 59199, 13787, 15223, 13122, 24261, 24920, 8666, 5583, 9060, 2203, 4149, 6087, 13542, 9103, 11970, 199118, 7344, 17853, 2623, 45110, 874, 9809, 12062, 1505, 12757, 1994, 22634, 1041, 2554, 100, 2308, 2188, 26256, 13688, 5097, 1512, 5495, 216, 2012], [43741, 13324, 10388, 2986, 51, 1502, 268, 1607, 1172, 3805, 203, 298, 199, 1269, 306, 123, 314, 361, 105, 315, 79, 1, 2, 2, 3421, 1935, 3188, 250, 403, 66, 7, 1, 126, 827, 25, 19, 835, 113, 42, 851, 58, 345, 38, 44, 36, 148, 943, 109, 66, 128, 18, 43, 46, 41, 60, 15, 1547, 64, 759, 29, 440, 12, 69, 46, 19, 33, 26, 418, 6, 10, 1, 10, 21, 555, 317, 51, 19, 63, 0, 6], [172972, 10388, 118621, 14898, 2324, 13805, 2373, 30351, 5892, 51128, 3429, 3721, 3967, 5241, 3666, 240, 1738, 2157, 2299, 1304, 879, 26, 311, 212, 5953, 6938, 10785, 1317, 2176, 1115, 592, 216, 1504, 5412, 552, 776, 3412, 904, 746, 1381, 525, 1443, 393, 351, 270, 547, 1061, 412, 232, 373, 68, 155, 319, 441, 669, 162, 5436, 131, 3485, 59, 1493, 141, 441, 159, 64, 30, 76, 1668, 21, 41, 1, 40, 89, 759, 2701, 227, 72, 563, 3, 36], [58836, 2986, 14898, 20200, 52, 1346, 65, 2831, 124, 3421, 73, 204, 107, 407, 102, 46, 188, 158, 180, 443, 146, 2, 0, 0, 1323, 1513, 2182, 295, 172, 8, 7, 2, 43, 171, 2, 0, 91, 14, 6, 310, 59, 103, 38, 31, 12, 49, 888, 58, 3, 114, 1, 23, 1, 34, 15, 7, 1032, 5, 722, 1, 254, 1, 43, 11, 3, 3, 3, 224, 2, 0, 0, 0, 7, 162, 160, 5, 1, 45, 1, 0], [8328, 51, 2324, 52, 5482, 242, 13, 3473, 376, 70, 9, 6, 2, 82, 116, 5, 9, 10, 29, 15, 2, 0, 0, 1, 181, 43, 278, 109, 336, 4, 5, 0, 3, 24, 16, 35, 2, 27, 8, 38, 6, 18, 0, 3, 0, 16, 0, 0, 0, 0, 0, 0, 0, 1, 0, 7, 287, 0, 45, 1, 49, 0, 19, 7, 0, 2, 2, 19, 0, 1, 0, 4, 6, 45, 11, 4, 0, 2, 1, 0], [30747, 1502, 13805, 1346, 242, 5036, 171, 2839, 289, 4566, 115, 221, 71, 547, 195, 5, 119, 207, 149, 100, 38, 3, 12, 18, 1323, 691, 2326, 224, 386, 4, 51, 4, 18, 241, 4, 12, 70, 21, 12, 57, 3, 25, 0, 1, 4, 24, 93, 42, 14, 40, 0, 9, 20, 5, 25, 2, 474, 1, 332, 0, 93, 0, 28, 7, 3, 0, 2, 157, 0, 0, 1, 0, 0, 37, 380, 9, 0, 11, 1, 0], [10240, 268, 2373, 65, 13, 171, 1746, 425, 272, 1145, 24, 44, 16, 599, 75, 3, 21, 90, 68, 47, 60, 0, 2, 0, 539, 222, 854, 131, 457, 0, 8, 3, 4, 6, 0, 0, 18, 5, 0, 58, 32, 14, 2, 2, 1, 7, 14, 17, 2, 10, 0, 1, 8, 0, 6, 48, 254, 7, 107, 5, 55, 2, 14, 10, 1, 0, 4, 85, 0, 2, 0, 1, 1, 116, 131, 2, 0, 22, 0, 0], [34944, 1607, 30351, 2831, 3473, 2839, 425, 7731, 1089, 7036, 467, 515, 359, 609, 511, 21, 467, 591, 1044, 640, 193, 15, 153, 45, 1110, 1237, 1912, 264, 1115, 164, 109, 53, 158, 1014, 54, 67, 347, 177, 59, 367, 35, 151, 15, 16, 45, 130, 593, 203, 18, 142, 32, 73, 43, 23, 73, 35, 1023, 18, 686, 7, 203, 51, 50, 18, 3, 7, 5, 291, 4, 7, 0, 3, 22, 65, 285, 27, 6, 37, 0, 1], [37719, 1172, 5892, 124, 376, 289, 272, 1089, 34889, 152, 15, 11, 21, 1550, 4116, 90, 504, 538, 91, 487, 52, 5, 0, 42, 631, 4361, 683, 36, 318, 76, 60, 16, 134, 1007, 23, 6, 100, 1153, 10, 459, 90, 259, 95, 81, 47, 339, 709, 220, 22, 64, 0, 9, 51, 22, 5, 8, 3236, 31, 335, 22, 516, 14, 24, 10, 1, 11, 3, 108, 2, 4, 0, 8, 3, 82, 262, 25, 0, 52, 0, 4], [51790, 3805, 51128, 3421, 70, 4566, 1145, 7036, 152, 26093, 960, 554, 644, 800, 814, 10, 215, 523, 58, 36, 43, 0, 0, 0, 2605, 1848, 4694, 305, 394, 4, 56, 26, 126, 132, 8, 30, 525, 36, 109, 154, 4, 93, 0, 0, 8, 12, 45, 77, 24, 20, 2, 8, 39, 26, 73, 14, 458, 0, 866, 2, 98, 4, 119, 10, 2, 6, 6, 350, 2, 8, 0, 1, 2, 71, 823, 17, 3, 28, 0, 1], [2834, 203, 3429, 73, 9, 115, 24, 467, 15, 960, 356, 149, 114, 124, 33, 5, 67, 20, 2, 3, 8, 0, 0, 0, 134, 115, 272, 10, 32, 4, 0, 1, 11, 4, 11, 6, 50, 18, 5, 32, 4, 44, 0, 0, 0, 9, 1, 2, 3, 2, 0, 0, 6, 2, 1, 4, 141, 3, 154, 1, 29, 11, 8, 0, 0, 0, 0, 40, 1, 0, 0, 1, 0, 9, 32, 16, 0, 6, 0, 0], [3060, 298, 3721, 204, 6, 221, 44, 515, 11, 554, 149, 559, 58, 63, 70, 4, 33, 61, 51, 11, 19, 0, 2, 4, 151, 98, 251, 12, 30, 8, 16, 8, 6, 35, 5, 7, 31, 8, 7, 65, 3, 43, 6, 6, 2, 8, 3, 0, 6, 4, 0, 1, 0, 5, 2, 5, 86, 4, 117, 5, 15, 2, 4, 1, 0, 1, 1, 33, 0, 1, 0, 0, 4, 24, 41, 5, 15, 4, 0, 0], [2169, 199, 3967, 107, 2, 71, 16, 359, 21, 644, 114, 58, 1484, 86, 26, 3, 36, 16, 44, 0, 0, 0, 0, 0, 79, 47, 215, 19, 28, 7, 2, 0, 0, 2, 0, 0, 18, 0, 0, 4, 1, 74, 2, 0, 0, 0, 1, 0, 0, 0, 0, 0, 2, 46, 1, 2, 49, 1, 86, 0, 36, 3, 1, 2, 0, 0, 1, 27, 1, 0, 0, 0, 0, 16, 12, 2, 0, 0, 0, 0], [47549, 1269, 5241, 407, 82, 547, 599, 609, 1550, 800, 124, 63, 86, 10857, 1592, 196, 501, 236, 202, 113, 399, 24, 30, 66, 1880, 2590, 2614, 415, 841, 274, 462, 269, 1404, 538, 1234, 970, 1225, 151, 993, 1458, 165, 1071, 203, 132, 206, 444, 205, 68, 123, 60, 12, 29, 125, 174, 169, 79, 7139, 100, 1633, 49, 2827, 19, 125, 207, 7, 19, 14, 684, 10, 31, 0, 47, 22, 560, 486, 188, 10, 140, 1, 15], [15720, 306, 3666, 102, 116, 195, 75, 511, 4116, 814, 33, 70, 26, 1592, 41322, 379, 266, 508, 901, 1408, 1126, 104, 1148, 851, 353, 1294, 1051, 58, 74, 87, 3, 0, 10, 523, 6, 3, 121, 418, 1, 316, 87, 230, 21, 30, 25, 299, 95, 232, 1, 47, 8, 6, 22, 36, 7, 45, 1424, 68, 332, 76, 404, 6, 54, 21, 7, 17, 15, 108, 10, 23, 1, 22, 15, 341, 437, 68, 59, 41, 0, 10], [1343, 123, 240, 46, 5, 5, 3, 21, 90, 10, 5, 4, 3, 196, 379, 1112, 285, 28, 86, 18, 8, 3, 5, 2, 117, 72, 163, 56, 274, 2, 1, 0, 32, 2, 2, 4, 4, 2, 9, 880, 56, 469, 42, 112, 63, 458, 75, 85, 19, 61, 10, 66, 0, 16, 16, 22, 1084, 634, 505, 682, 276, 202, 480, 457, 197, 302, 288, 109, 42, 46, 5, 234, 109, 2945, 82, 172, 40, 152, 10, 111], [9777, 314, 1738, 188, 9, 119, 21, 467, 504, 215, 67, 33, 36, 501, 266, 285, 2659, 354, 1034, 289, 36, 7, 7, 3, 378, 440, 639, 98, 167, 781, 126, 13, 167, 279, 16, 12, 100, 196, 35, 585, 63, 418, 58, 90, 65, 446, 106, 65, 24, 75, 8, 82, 19, 53, 48, 143, 1330, 655, 476, 530, 313, 33, 246, 155, 46, 248, 76, 137, 35, 75, 2, 66, 82, 1555, 120, 141, 24, 197, 10, 25], [26950, 361, 2157, 158, 10, 207, 90, 591, 538, 523, 20, 61, 16, 236, 508, 28, 354, 10790, 902, 1510, 30, 0, 44, 17, 224, 412, 424, 656, 43, 2, 11, 1, 53, 15, 0, 2, 4, 1, 1, 125, 16, 68, 0, 6, 8, 43, 10, 4, 4, 6, 6, 9, 0, 1, 20, 88, 513, 21, 238, 9, 67, 3, 28, 2, 9, 3, 5, 86, 1, 5, 1, 12, 4, 167, 57, 61, 1, 62, 0, 5], [9253, 105, 2299, 180, 29, 149, 68, 1044, 91, 58, 2, 51, 44, 202, 901, 86, 1034, 902, 44546, 3754, 0, 1, 42, 2, 181, 51, 258, 267, 13, 0, 0, 0, 2, 2, 0, 0, 0, 12, 0, 95, 5, 41, 0, 6, 4, 48, 1, 5, 1, 0, 0, 25, 0, 0, 11, 38, 229, 15, 48, 2, 42, 0, 3, 11, 1, 0, 1, 106, 0, 0, 0, 1, 1, 10, 33, 14, 12, 58, 0, 0], [8870, 315, 1304, 443, 15, 100, 47, 640, 487, 36, 3, 11, 0, 113, 1408, 18, 289, 1510, 3754, 28497, 76, 1, 617, 90, 120, 267, 205, 186, 20, 7, 0, 0, 4, 100, 0, 2, 0, 4, 0, 74, 0, 11, 0, 1, 0, 71, 38, 91, 0, 100, 0, 0, 0, 0, 6, 1, 227, 1, 54, 18, 52, 1, 26, 9, 0, 0, 1, 40, 0, 1, 0, 1, 7, 9, 10, 1, 0, 9, 1, 0], [10612, 79, 879, 146, 2, 38, 60, 193, 52, 43, 8, 19, 0, 399, 1126, 8, 36, 30, 0, 76, 11280, 5, 428, 118, 233, 296, 352, 68, 4, 0, 0, 0, 93, 0, 1, 0, 0, 0, 0, 49, 0, 31, 15, 9, 20, 23, 27, 82, 0, 9, 15, 34, 0, 0, 0, 1, 258, 4, 32, 2, 38, 2, 6, 0, 0, 3, 0, 20, 2, 1, 0, 2, 3, 44, 24, 4, 0, 28, 0, 0], [421, 1, 26, 2, 0, 3, 0, 15, 5, 0, 0, 0, 0, 24, 104, 3, 7, 0, 1, 1, 5, 474, 3, 3, 30, 7, 92, 1, 4, 5, 0, 0, 19, 0, 0, 0, 1, 0, 0, 7, 3, 4, 2, 2, 0, 12, 2, 4, 0, 2, 0, 28, 0, 0, 0, 7, 31, 4, 20, 0, 9, 0, 2, 0, 1, 1, 1, 7, 1, 0, 0, 0, 4, 60, 5, 7, 0, 218, 0, 0], [1022, 2, 311, 0, 0, 12, 2, 153, 0, 0, 0, 2, 0, 30, 1148, 5, 7, 44, 42, 617, 428, 3, 10729, 1069, 9, 59, 20, 13, 4, 0, 0, 0, 1, 0, 0, 0, 0, 2, 0, 3, 0, 3, 0, 0, 0, 10, 0, 0, 0, 0, 7, 0, 0, 0, 0, 2, 25, 1, 52, 0, 7, 0, 0, 0, 0, 0, 0, 6, 0, 0, 0, 0, 0, 6, 0, 2, 0, 0, 0, 0], [2815, 2, 212, 0, 1, 18, 0, 45, 42, 0, 0, 4, 0, 66, 851, 2, 3, 17, 2, 90, 118, 3, 1069, 5169, 51, 60, 138, 2, 4, 0, 0, 0, 1, 0, 0, 0, 0, 1, 0, 18, 0, 16, 0, 0, 0, 14, 0, 0, 0, 2, 0, 13, 0, 0, 0, 0, 14, 0, 283, 3, 6, 0, 1, 6, 3, 0, 0, 20, 0, 0, 0, 2, 0, 0, 2, 0, 0, 4, 0, 0], [60169, 3421, 5953, 1323, 181, 1323, 539, 1110, 631, 2605, 134, 151, 79, 1880, 353, 117, 378, 224, 181, 120, 233, 30, 9, 51, 6683, 2923, 8120, 672, 6030, 342, 3240, 564, 460, 1652, 167, 114, 1428, 395, 319, 1446, 143, 781, 110, 122, 82, 264, 232, 222, 109, 203, 5, 41, 64, 190, 132, 89, 3292, 266, 491, 245, 745, 15, 571, 631, 86, 291, 107, 1068, 28, 40, 4, 59, 54, 1765, 473, 141, 22, 139, 1, 9], [89084, 1935, 6938, 1513, 43, 691, 222, 1237, 4361, 1848, 115, 98, 47, 2590, 1294, 72, 440, 412, 51, 267, 296, 7, 59, 60, 2923, 33223, 9604, 665, 475, 147, 43, 3, 460, 2255, 30, 35, 266, 823, 184, 1124, 309, 1046, 126, 146, 107, 366, 1533, 267, 133, 441, 42, 295, 128, 75, 78, 190, 21517, 68, 2378, 201, 4178, 8, 63, 47, 9, 16, 8, 468, 13, 10, 2, 9, 18, 534, 359, 238, 27, 108, 0, 6], [96766, 3188, 10785, 2182, 278, 2326, 854, 1912, 683, 4694, 272, 251, 215, 2614, 1051, 163, 639, 424, 258, 205, 352, 92, 20, 138, 8120, 9604, 12398, 1548, 7122, 190, 112, 16, 207, 2162, 95, 52, 462, 266, 217, 2862, 1301, 2252, 365, 346, 381, 773, 1301, 571, 284, 736, 92, 192, 218, 411, 387, 311, 6100, 361, 1504, 234, 1932, 55, 756, 566, 104, 319, 124, 2674, 65, 95, 7, 193, 137, 2278, 1032, 349, 50, 532, 13, 60], [38195, 250, 1317, 295, 109, 224, 131, 264, 36, 305, 10, 12, 19, 415, 58, 56, 98, 656, 267, 186, 68, 1, 13, 2, 672, 665, 1548, 8992, 597, 7, 47, 1, 187, 10, 93, 134, 233, 14, 222, 1521, 2097, 2451, 618, 707, 365, 464, 47, 29, 69, 36, 18, 44, 25, 53, 87, 756, 4868, 215, 583, 66, 1390, 17, 203, 246, 35, 78, 53, 564, 8, 31, 0, 42, 36, 1553, 215, 295, 89, 619, 1, 12], [27025, 403, 2176, 172, 336, 386, 457, 1115, 318, 394, 32, 30, 28, 841, 74, 274, 167, 43, 13, 20, 4, 4, 4, 4, 6030, 475, 7122, 597, 15863, 7, 11, 14, 51, 36, 4, 7, 26, 2, 13, 636, 53, 276, 14, 19, 19, 146, 52, 41, 3, 38, 0, 7, 2, 16, 17, 18, 1913, 170, 395, 315, 162, 7, 872, 122, 23, 64, 28, 327, 20, 19, 2, 37, 25, 1346, 211, 46, 10, 123, 11, 2], [10722, 66, 1115, 8, 4, 4, 0, 164, 76, 4, 4, 8, 7, 274, 87, 2, 781, 2, 0, 7, 0, 5, 0, 0, 342, 147, 190, 7, 7, 1109, 0, 0, 87, 17, 3, 1, 2, 2, 8, 166, 4, 135, 5, 5, 0, 10, 6, 0, 1, 0, 0, 0, 0, 2, 0, 2, 528, 11, 36, 5, 101, 0, 8, 10, 0, 3, 1, 39, 1, 1, 1, 1, 9, 16, 13, 0, 1, 2, 0, 0], [42409, 7, 592, 7, 5, 51, 8, 109, 60, 56, 0, 16, 2, 462, 3, 1, 126, 11, 0, 0, 0, 0, 0, 0, 3240, 43, 112, 47, 11, 0, 9736, 2969, 0, 4, 0, 4, 4, 19, 0, 62, 5, 28, 0, 3, 0, 10, 3, 0, 0, 2, 0, 0, 0, 0, 0, 8, 308, 3, 12, 2, 119, 0, 9, 1, 4, 0, 4, 19, 1, 1, 0, 1, 1, 14, 9, 0, 0, 11, 0, 1], [14465, 1, 216, 2, 0, 4, 3, 53, 16, 26, 1, 8, 0, 269, 0, 0, 13, 1, 0, 0, 0, 0, 0, 0, 564, 3, 16, 1, 14, 0, 2969, 2557, 18, 7, 0, 2, 39, 80, 0, 17, 0, 2, 0, 0, 0, 1, 8, 0, 0, 0, 0, 0, 0, 0, 0, 0, 153, 11, 5, 2, 9, 0, 1, 1, 0, 11, 1, 14, 0, 0, 0, 0, 0, 18, 6, 0, 0, 1, 0, 0], [32542, 126, 1504, 43, 3, 18, 4, 158, 134, 126, 11, 6, 0, 1404, 10, 32, 167, 53, 2, 4, 93, 19, 1, 1, 460, 460, 207, 187, 51, 87, 0, 18, 7920, 233, 1868, 2120, 16, 48, 5993, 456, 13, 154, 10, 11, 5, 46, 3, 22, 15, 3, 0, 4, 15, 9, 32, 46, 5131, 68, 146, 23, 116, 0, 67, 23, 21, 54, 16, 88, 11, 12, 0, 5, 5, 208, 94, 16, 7, 224, 2, 2], [79755, 827, 5412, 171, 24, 241, 6, 1014, 1007, 132, 4, 35, 2, 538, 523, 2, 279, 15, 2, 100, 0, 0, 0, 0, 1652, 2255, 2162, 10, 36, 17, 4, 7, 233, 36607, 0, 11, 7, 1132, 0, 135, 59, 116, 0, 1, 0, 18, 11, 16, 4, 0, 1, 0, 0, 0, 0, 2, 1702, 6, 36, 0, 96, 0, 2, 0, 0, 0, 3, 48, 0, 0, 0, 0, 12, 71, 36, 8, 11, 42, 0, 0], [22876, 25, 552, 2, 16, 4, 0, 54, 23, 8, 11, 5, 0, 1234, 6, 2, 16, 0, 0, 0, 1, 0, 0, 0, 167, 30, 95, 93, 4, 3, 0, 0, 1868, 0, 1703, 3095, 1, 0, 3, 200, 2, 127, 0, 3, 0, 4, 0, 3, 2, 0, 0, 0, 1, 0, 17, 2, 3007, 7, 7, 0, 5, 0, 46, 0, 9, 2, 9, 52, 0, 1, 0, 0, 1, 84, 28, 0, 10, 8, 0, 0], [27196, 19, 776, 0, 35, 12, 0, 67, 6, 30, 6, 7, 0, 970, 3, 4, 12, 2, 0, 2, 0, 0, 0, 0, 114, 35, 52, 134, 7, 1, 4, 2, 2120, 11, 3095, 1863, 2, 0, 1, 160, 0, 92, 0, 0, 0, 1, 0, 1, 0, 1, 0, 0, 1, 1, 0, 5, 3427, 3, 9, 1, 4, 0, 16, 0, 0, 2, 0, 21, 0, 0, 0, 0, 0, 13, 22, 0, 0, 0, 0, 0], [32115, 835, 3412, 91, 2, 70, 18, 347, 100, 525, 50, 31, 18, 1225, 121, 4, 100, 4, 0, 0, 0, 1, 0, 0, 1428, 266, 462, 233, 26, 2, 4, 39, 16, 7, 1, 2, 5058, 26, 0, 302, 2, 76, 0, 0, 1, 10, 0, 0, 3, 0, 0, 0, 8, 5, 0, 3, 419, 21, 212, 5, 68, 0, 17, 13, 0, 1, 1, 108, 0, 3, 0, 1, 3, 31, 21, 6, 0, 5, 0, 0], [27743, 113, 904, 14, 27, 21, 5, 177, 1153, 36, 18, 8, 0, 151, 418, 2, 196, 1, 12, 4, 0, 0, 2, 1, 395, 823, 266, 14, 2, 2, 19, 80, 48, 1132, 0, 0, 26, 8425, 0, 113, 5, 81, 0, 0, 1, 2, 6, 0, 0, 0, 0, 0, 0, 5, 1, 3, 771, 8, 47, 8, 76, 0, 3, 2, 1, 3, 0, 34, 12, 0, 0, 0, 12, 41, 13, 7, 0, 3, 0, 0], [23379, 42, 746, 6, 8, 12, 0, 59, 10, 109, 5, 7, 0, 993, 1, 9, 35, 1, 0, 0, 0, 0, 0, 0, 319, 184, 217, 222, 13, 8, 0, 0, 5993, 0, 3, 1, 0, 0, 3112, 407, 1, 55, 0, 0, 0, 6, 2, 0, 0, 4, 0, 1, 1, 0, 0, 0, 4935, 22, 251, 0, 18, 0, 11, 8, 1, 4, 2, 53, 2, 3, 0, 1, 6, 108, 138, 3, 1, 2, 0, 2], [56075, 851, 1381, 310, 38, 57, 58, 367, 459, 154, 32, 65, 4, 1458, 316, 880, 585, 125, 95, 74, 49, 7, 3, 18, 1446, 1124, 2862, 1521, 636, 166, 62, 17, 456, 135, 200, 160, 302, 113, 407, 62982, 20989, 29935, 4815, 11024, 7729, 17870, 4194, 3146, 3142, 3715, 1046, 2177, 1794, 4000, 2132, 2877, 22685, 1804, 4271, 606, 12638, 1251, 1987, 1907, 558, 1836, 675, 2043, 2215, 4871, 432, 6312, 5195, 11203, 1824, 4015, 811, 420, 130, 1782], [32493, 58, 525, 59, 6, 3, 32, 35, 90, 4, 4, 3, 1, 165, 87, 56, 63, 16, 5, 0, 0, 3, 0, 0, 143, 309, 1301, 2097, 53, 4, 5, 0, 13, 59, 2, 0, 2, 5, 1, 20989, 21602, 14184, 5593, 6155, 3577, 5938, 180, 437, 662, 325, 398, 765, 131, 1315, 247, 1593, 17398, 806, 1781, 42, 9952, 8, 466, 364, 35, 311, 83, 738, 307, 638, 83, 700, 416, 2856, 452, 2257, 109, 67, 0, 8], [59199, 345, 1443, 103, 18, 25, 14, 151, 259, 93, 44, 43, 74, 1071, 230, 469, 418, 68, 41, 11, 31, 4, 3, 16, 781, 1046, 2252, 2451, 276, 135, 28, 2, 154, 116, 127, 92, 76, 81, 55, 29935, 14184, 35066, 9463, 11738, 11953, 23433, 1595, 1838, 4024, 2563, 1434, 2236, 1741, 6059, 4681, 5184, 30467, 2201, 3488, 407, 18986, 365, 2059, 2498, 855, 1672, 1047, 2697, 1367, 2762, 283, 3521, 1797, 9518, 1344, 4140, 781, 555, 52, 1021], [13787, 38, 393, 38, 0, 0, 2, 15, 95, 0, 0, 6, 2, 203, 21, 42, 58, 0, 0, 0, 15, 2, 0, 0, 110, 126, 365, 618, 14, 5, 0, 0, 10, 0, 0, 0, 0, 0, 0, 4815, 5593, 9463, 4133, 6196, 4675, 5180, 334, 375, 1524, 406, 1292, 1963, 635, 2244, 378, 2678, 7639, 305, 651, 18, 6433, 0, 144, 87, 19, 42, 32, 436, 89, 171, 8, 115, 88, 876, 147, 559, 31, 26, 0, 10], [15223, 44, 351, 31, 3, 1, 2, 16, 81, 0, 0, 6, 0, 132, 30, 112, 90, 6, 6, 1, 9, 2, 0, 0, 122, 146, 346, 707, 19, 5, 3, 0, 11, 1, 3, 0, 0, 0, 0, 11024, 6155, 11738, 6196, 8998, 5980, 8006, 570, 1109, 1536, 815, 991, 2109, 303, 2658, 472, 2594, 8601, 283, 1138, 21, 6676, 3, 185, 159, 36, 53, 40, 442, 973, 2087, 239, 1666, 943, 1927, 393, 876, 393, 65, 0, 30], [13122, 36, 270, 12, 0, 4, 1, 45, 47, 8, 0, 2, 0, 206, 25, 63, 65, 8, 4, 0, 20, 0, 0, 0, 82, 107, 381, 365, 19, 0, 0, 0, 5, 0, 0, 0, 1, 1, 0, 7729, 3577, 11953, 4675, 5980, 5981, 12415, 632, 732, 1595, 591, 1576, 2442, 558, 769, 610, 2249, 7485, 244, 756, 34, 5580, 0, 126, 159, 33, 59, 71, 364, 522, 1611, 107, 1026, 585, 1447, 326, 739, 162, 77, 1, 210], [24261, 148, 547, 49, 16, 24, 7, 130, 339, 12, 9, 8, 0, 444, 299, 458, 446, 43, 48, 71, 23, 12, 10, 14, 264, 366, 773, 464, 146, 10, 10, 1, 46, 18, 4, 1, 10, 2, 6, 17870, 5938, 23433, 5180, 8006, 12415, 20167, 3084, 3789, 3026, 4107, 4763, 7104, 1501, 1909, 2000, 3183, 12895, 1054, 2311, 134, 9889, 101, 692, 400, 108, 479, 144, 954, 1134, 3180, 197, 2636, 1638, 4628, 679, 3347, 306, 293, 14, 112], [24920, 943, 1061, 888, 0, 93, 14, 593, 709, 45, 1, 3, 1, 205, 95, 75, 106, 10, 1, 38, 27, 2, 0, 0, 232, 1533, 1301, 47, 52, 6, 3, 8, 3, 11, 0, 0, 0, 6, 2, 4194, 180, 1595, 334, 570, 632, 3084, 38792, 9164, 357, 10602, 371, 966, 73, 75, 162, 434, 1527, 90, 264, 34, 1407, 2, 80, 86, 34, 18, 32, 87, 95, 223, 19, 149, 206, 769, 104, 125, 16, 42, 0, 0], [8666, 109, 412, 58, 0, 42, 17, 203, 220, 77, 2, 0, 0, 68, 232, 85, 65, 4, 5, 91, 82, 4, 0, 0, 222, 267, 571, 29, 41, 0, 0, 0, 22, 16, 3, 1, 0, 0, 0, 3146, 437, 1838, 375, 1109, 732, 3789, 9164, 18421, 317, 14160, 1008, 2006, 10, 134, 212, 404, 1507, 176, 456, 53, 1465, 2, 103, 96, 18, 38, 31, 71, 221, 349, 50, 376, 291, 716, 177, 306, 27, 80, 0, 1], [5583, 66, 232, 3, 0, 14, 2, 18, 22, 24, 3, 6, 0, 123, 1, 19, 24, 4, 1, 0, 0, 0, 0, 0, 109, 133, 284, 69, 3, 1, 0, 0, 15, 4, 2, 0, 3, 0, 0, 3142, 662, 4024, 1524, 1536, 1595, 3026, 357, 317, 6114, 409, 637, 917, 1309, 524, 947, 1443, 2080, 79, 267, 27, 3090, 0, 80, 81, 15, 39, 55, 133, 53, 131, 12, 79, 68, 336, 133, 150, 23, 61, 0, 0], [9060, 128, 373, 114, 0, 40, 10, 142, 64, 20, 2, 4, 0, 60, 47, 61, 75, 6, 0, 100, 9, 2, 0, 2, 203, 441, 736, 36, 38, 0, 2, 0, 3, 0, 0, 1, 0, 0, 4, 3715, 325, 2563, 406, 815, 591, 4107, 10602, 14160, 409, 20595, 934, 1895, 49, 187, 472, 779, 1606, 128, 859, 60, 1641, 8, 106, 70, 8, 55, 13, 61, 161, 335, 28, 304, 285, 603, 166, 356, 25, 38, 0, 1], [2203, 18, 68, 1, 0, 0, 0, 32, 0, 2, 0, 0, 0, 12, 8, 10, 8, 6, 0, 0, 15, 0, 7, 0, 5, 42, 92, 18, 0, 0, 0, 0, 0, 1, 0, 0, 0, 0, 0, 1046, 398, 1434, 1292, 991, 1576, 4763, 371, 1008, 637, 934, 21253, 12753, 155, 1306, 14, 135, 751, 33, 89, 2, 2757, 0, 30, 13, 1, 15, 17, 34, 26, 304, 3, 71, 34, 268, 16, 47, 14, 3, 0, 0], [4149, 43, 155, 23, 0, 9, 1, 73, 9, 8, 0, 1, 0, 29, 6, 66, 82, 9, 25, 0, 34, 28, 0, 13, 41, 295, 192, 44, 7, 0, 0, 0, 4, 0, 0, 0, 0, 0, 1, 2177, 765, 2236, 1963, 2109, 2442, 7104, 966, 2006, 917, 1895, 12753, 26624, 609, 361, 126, 368, 1135, 69, 243, 19, 3217, 0, 71, 61, 12, 33, 37, 39, 56, 413, 20, 171, 105, 288, 61, 101, 47, 16, 0, 0], [6087, 46, 319, 1, 0, 20, 8, 43, 51, 39, 6, 0, 2, 125, 22, 0, 19, 0, 0, 0, 0, 0, 0, 0, 64, 128, 218, 25, 2, 0, 0, 0, 15, 0, 1, 1, 8, 0, 1, 1794, 131, 1741, 635, 303, 558, 1501, 73, 10, 1309, 49, 155, 609, 7462, 212, 278, 407, 1059, 43, 127, 2, 1338, 0, 38, 8, 1, 1, 2, 42, 22, 206, 0, 48, 52, 111, 18, 28, 12, 3, 0, 0], [13542, 41, 441, 34, 1, 5, 0, 23, 22, 26, 2, 5, 46, 174, 36, 16, 53, 1, 0, 0, 0, 0, 0, 0, 190, 75, 411, 53, 16, 2, 0, 0, 9, 0, 0, 1, 5, 5, 0, 4000, 1315, 6059, 2244, 2658, 769, 1909, 75, 134, 524, 187, 1306, 361, 212, 7084, 124, 167, 4457, 206, 335, 27, 4521, 0, 144, 57, 21, 36, 44, 224, 77, 440, 8, 99, 117, 1095, 110, 84, 42, 31, 0, 1], [9103, 60, 669, 15, 0, 25, 6, 73, 5, 73, 1, 2, 1, 169, 7, 16, 48, 20, 11, 6, 0, 0, 0, 0, 132, 78, 387, 87, 17, 0, 0, 0, 32, 0, 17, 0, 0, 1, 0, 2132, 247, 4681, 378, 472, 610, 2000, 162, 212, 947, 472, 14, 126, 278, 124, 30086, 3924, 2163, 130, 152, 49, 2637, 14, 294, 138, 84, 30, 145, 102, 45, 223, 7, 153, 136, 782, 74, 163, 27, 38, 10, 0], [11970, 15, 162, 7, 7, 2, 48, 35, 8, 14, 4, 5, 2, 79, 45, 22, 143, 88, 38, 1, 1, 7, 2, 0, 89, 190, 311, 756, 18, 2, 8, 0, 46, 2, 2, 5, 3, 3, 0, 2877, 1593, 5184, 2678, 2594, 2249, 3183, 434, 404, 1443, 779, 135, 368, 407, 167, 3924, 13882, 3630, 220, 415, 16, 4333, 1, 192, 43, 24, 51, 39, 206, 105, 375, 17, 106, 165, 908, 119, 303, 57, 326, 0, 0], [199118, 1547, 5436, 1032, 287, 474, 254, 1023, 3236, 458, 141, 86, 49, 7139, 1424, 1084, 1330, 513, 229, 227, 258, 31, 25, 14, 3292, 21517, 6100, 4868, 1913, 528, 308, 153, 5131, 1702, 3007, 3427, 419, 771, 4935, 22685, 17398, 30467, 7639, 8601, 7485, 12895, 1527, 1507, 2080, 1606, 751, 1135, 1059, 4457, 2163, 3630, 100595, 7470, 11034, 1743, 39833, 154, 6918, 9573, 1997, 4636, 2219, 4057, 1220, 1846, 163, 1823, 1971, 25989, 2898, 7182, 436, 1364, 33, 106], [7344, 64, 131, 5, 0, 1, 7, 18, 31, 0, 3, 4, 1, 100, 68, 634, 655, 21, 15, 1, 4, 4, 1, 0, 266, 68, 361, 215, 170, 11, 3, 11, 68, 6, 7, 3, 21, 8, 22, 1804, 806, 2201, 305, 283, 244, 1054, 90, 176, 79, 128, 33, 69, 43, 206, 130, 220, 7470, 1664, 2500, 429, 1734, 15, 1939, 969, 157, 3901, 181, 434, 132, 151, 20, 184, 244, 10341, 588, 2144, 39, 374, 10, 35], [17853, 759, 3485, 722, 45, 332, 107, 686, 335, 866, 154, 117, 86, 1633, 332, 505, 476, 238, 48, 54, 32, 20, 52, 283, 491, 2378, 1504, 583, 395, 36, 12, 5, 146, 36, 7, 9, 212, 47, 251, 4271, 1781, 3488, 651, 1138, 756, 2311, 264, 456, 267, 859, 89, 243, 127, 335, 152, 415, 11034, 2500, 11717, 264, 3748, 264, 1276, 639, 179, 1108, 245, 363, 308, 593, 62, 931, 478, 6987, 865, 5917, 69, 446, 3, 95], [2623, 29, 59, 1, 1, 0, 5, 7, 22, 2, 1, 5, 0, 49, 76, 682, 530, 9, 2, 18, 2, 0, 0, 3, 245, 201, 234, 66, 315, 5, 2, 2, 23, 0, 0, 1, 5, 8, 0, 606, 42, 407, 18, 21, 34, 134, 34, 53, 27, 60, 2, 19, 2, 27, 49, 16, 1743, 429, 264, 944, 221, 32, 527, 482, 97, 406, 121, 208, 35, 34, 4, 102, 53, 3362, 256, 256, 16, 617, 9, 54], [45110, 440, 1493, 254, 49, 93, 55, 203, 516, 98, 29, 15, 36, 2827, 404, 276, 313, 67, 42, 52, 38, 9, 7, 6, 745, 4178, 1932, 1390, 162, 101, 119, 9, 116, 96, 5, 4, 68, 76, 18, 12638, 9952, 18986, 6433, 6676, 5580, 9889, 1407, 1465, 3090, 1641, 2757, 3217, 1338, 4521, 2637, 4333, 39833, 1734, 3748, 221, 9083, 22, 1197, 1372, 247, 963, 292, 1452, 474, 801, 80, 677, 740, 5642, 903, 2623, 234, 423, 8, 33], [874, 12, 141, 1, 0, 0, 2, 51, 14, 4, 11, 2, 3, 19, 6, 202, 33, 3, 0, 1, 2, 0, 0, 0, 15, 8, 55, 17, 7, 0, 0, 0, 0, 0, 0, 0, 0, 0, 0, 1251, 8, 365, 0, 3, 0, 101, 2, 2, 0, 8, 0, 0, 0, 0, 14, 1, 154, 15, 264, 32, 22, 2412, 52, 7, 3, 10, 4, 30, 5, 8, 0, 2567, 5, 335, 21, 187, 6, 14, 49, 391], [9809, 69, 441, 43, 19, 28, 14, 50, 24, 119, 8, 4, 1, 125, 54, 480, 246, 28, 3, 26, 6, 2, 0, 1, 571, 63, 756, 203, 872, 8, 9, 1, 67, 2, 46, 16, 17, 3, 11, 1987, 466, 2059, 144, 185, 126, 692, 80, 103, 80, 106, 30, 71, 38, 144, 294, 192, 6918, 1939, 1276, 527, 1197, 52, 2537, 2477, 2197, 2432, 2874, 945, 94, 138, 8, 190, 184, 10237, 519, 868, 125, 227, 7, 19], [12062, 46, 159, 11, 7, 7, 10, 18, 10, 10, 0, 1, 2, 207, 21, 457, 155, 2, 11, 9, 0, 0, 0, 6, 631, 47, 566, 246, 122, 10, 1, 1, 23, 0, 0, 0, 13, 2, 8, 1907, 364, 2498, 87, 159, 159, 400, 86, 96, 81, 70, 13, 61, 8, 57, 138, 43, 9573, 969, 639, 482, 1372, 7, 2477, 4014, 2026, 760, 2536, 1419, 65, 85, 8, 87, 98, 7255, 276, 311, 102, 78, 2, 6], [1505, 19, 64, 3, 0, 3, 1, 3, 1, 2, 0, 0, 0, 7, 7, 197, 46, 9, 1, 0, 0, 1, 0, 3, 86, 9, 104, 35, 23, 0, 4, 0, 21, 0, 9, 0, 0, 1, 1, 558, 35, 855, 19, 36, 33, 108, 34, 18, 15, 8, 1, 12, 1, 21, 84, 24, 1997, 157, 179, 97, 247, 3, 2197, 2026, 757, 396, 2777, 645, 11, 12, 0, 16, 24, 3982, 107, 68, 93, 54, 0, 4], [12757, 33, 30, 3, 2, 0, 0, 7, 11, 6, 0, 1, 0, 19, 17, 302, 248, 3, 0, 0, 3, 1, 0, 0, 291, 16, 319, 78, 64, 3, 0, 11, 54, 0, 2, 2, 1, 3, 4, 1836, 311, 1672, 42, 53, 59, 479, 18, 38, 39, 55, 15, 33, 1, 36, 30, 51, 4636, 3901, 1108, 406, 963, 10, 2432, 760, 396, 4941, 521, 605, 65, 45, 1, 52, 125, 8612, 390, 589, 40, 136, 1, 5], [1994, 26, 76, 3, 2, 2, 4, 5, 3, 6, 0, 1, 1, 14, 15, 288, 76, 5, 1, 1, 0, 1, 0, 0, 107, 8, 124, 53, 28, 1, 4, 1, 16, 3, 9, 0, 1, 0, 2, 675, 83, 1047, 32, 40, 71, 144, 32, 31, 55, 13, 17, 37, 2, 44, 145, 39, 2219, 181, 245, 121, 292, 4, 2874, 2536, 2777, 521, 1257, 775, 22, 13, 1, 25, 28, 4769, 141, 112, 109, 74, 2, 7], [22634, 418, 1668, 224, 19, 157, 85, 291, 108, 350, 40, 33, 27, 684, 108, 109, 137, 86, 106, 40, 20, 7, 6, 20, 1068, 468, 2674, 564, 327, 39, 19, 14, 88, 48, 52, 21, 108, 34, 53, 2043, 738, 2697, 436, 442, 364, 954, 87, 71, 133, 61, 34, 39, 42, 224, 102, 206, 4057, 434, 363, 208, 1452, 30, 945, 1419, 645, 605, 775, 3941, 61, 74, 9, 137, 101, 2854, 254, 157, 73, 117, 6, 35], [1041, 6, 21, 2, 0, 0, 0, 4, 2, 2, 1, 0, 1, 10, 10, 42, 35, 1, 0, 0, 2, 1, 0, 0, 28, 13, 65, 8, 20, 1, 1, 0, 11, 0, 0, 0, 0, 12, 2, 2215, 307, 1367, 89, 973, 522, 1134, 95, 221, 53, 161, 26, 56, 22, 77, 45, 105, 1220, 132, 308, 35, 474, 5, 94, 65, 11, 65, 22, 61, 228, 1155, 102, 818, 777, 701, 144, 267, 44, 17, 3, 9], [2554, 10, 41, 0, 1, 0, 2, 7, 4, 8, 0, 1, 0, 31, 23, 46, 75, 5, 0, 1, 1, 0, 0, 0, 40, 10, 95, 31, 19, 1, 1, 0, 12, 0, 1, 0, 3, 0, 3, 4871, 638, 2762, 171, 2087, 1611, 3180, 223, 349, 131, 335, 304, 413, 206, 440, 223, 375, 1846, 151, 593, 34, 801, 8, 138, 85, 12, 45, 13, 74, 1155, 598, 135, 1592, 1263, 830, 306, 499, 93, 8, 2, 4], [100, 1, 1, 0, 0, 1, 0, 0, 0, 0, 0, 0, 0, 0, 1, 5, 2, 1, 0, 0, 0, 0, 0, 0, 4, 2, 7, 0, 2, 1, 0, 0, 0, 0, 0, 0, 0, 0, 0, 432, 83, 283, 8, 239, 107, 197, 19, 50, 12, 28, 3, 20, 0, 8, 7, 17, 163, 20, 62, 4, 80, 0, 8, 8, 0, 1, 1, 9, 102, 135, 14, 138, 83, 91, 21, 40, 24, 4, 0, 0], [2308, 10, 40, 0, 4, 0, 1, 3, 8, 1, 1, 0, 0, 47, 22, 234, 66, 12, 1, 1, 2, 0, 0, 2, 59, 9, 193, 42, 37, 1, 1, 0, 5, 0, 0, 0, 1, 0, 1, 6312, 700, 3521, 115, 1666, 1026, 2636, 149, 376, 79, 304, 71, 171, 48, 99, 153, 106, 1823, 184, 931, 102, 677, 2567, 190, 87, 16, 52, 25, 137, 818, 1592, 138, 1368, 969, 816, 241, 851, 157, 24, 132, 1027], [2188, 21, 89, 7, 6, 0, 1, 22, 3, 2, 0, 4, 0, 22, 15, 109, 82, 4, 1, 7, 3, 4, 0, 0, 54, 18, 137, 36, 25, 9, 1, 0, 5, 12, 1, 0, 3, 12, 6, 5195, 416, 1797, 88, 943, 585, 1638, 206, 291, 68, 285, 34, 105, 52, 117, 136, 165, 1971, 244, 478, 53, 740, 5, 184, 98, 24, 125, 28, 101, 777, 1263, 83, 969, 812, 917, 198, 336, 36, 135, 1, 10], [26256, 555, 759, 162, 45, 37, 116, 65, 82, 71, 9, 24, 16, 560, 341, 2945, 1555, 167, 10, 9, 44, 60, 6, 0, 1765, 534, 2278, 1553, 1346, 16, 14, 18, 208, 71, 84, 13, 31, 41, 108, 11203, 2856, 9518, 876, 1927, 1447, 4628, 769, 716, 336, 603, 268, 288, 111, 1095, 782, 908, 25989, 10341, 6987, 3362, 5642, 335, 10237, 7255, 3982, 8612, 4769, 2854, 701, 830, 91, 816, 917, 100456, 3042, 7070, 710, 2882, 75, 352], [13688, 317, 2701, 160, 11, 380, 131, 285, 262, 823, 32, 41, 12, 486, 437, 82, 120, 57, 33, 10, 24, 5, 0, 2, 473, 359, 1032, 215, 211, 13, 9, 6, 94, 36, 28, 22, 21, 13, 138, 1824, 452, 1344, 147, 393, 326, 679, 104, 177, 133, 166, 16, 61, 18, 110, 74, 119, 2898, 588, 865, 256, 903, 21, 519, 276, 107, 390, 141, 254, 144, 306, 21, 241, 198, 3042, 3878, 712, 60, 79, 8, 28], [5097, 51, 227, 5, 4, 9, 2, 27, 25, 17, 16, 5, 2, 188, 68, 172, 141, 61, 14, 1, 4, 7, 2, 0, 141, 238, 349, 295, 46, 0, 0, 0, 16, 8, 0, 0, 6, 7, 3, 4015, 2257, 4140, 559, 876, 739, 3347, 125, 306, 150, 356, 47, 101, 28, 84, 163, 303, 7182, 2144, 5917, 256, 2623, 187, 868, 311, 68, 589, 112, 157, 267, 499, 40, 851, 336, 7070, 712, 9179, 50, 198, 11, 87], [1512, 19, 72, 1, 0, 0, 0, 6, 0, 3, 0, 15, 0, 10, 59, 40, 24, 1, 12, 0, 0, 0, 0, 0, 22, 27, 50, 89, 10, 1, 0, 0, 7, 11, 10, 0, 0, 0, 1, 811, 109, 781, 31, 393, 162, 306, 16, 27, 23, 25, 14, 47, 12, 42, 27, 57, 436, 39, 69, 16, 234, 6, 125, 102, 93, 40, 109, 73, 44, 93, 24, 157, 36, 710, 60, 50, 2335, 30, 2, 40], [5495, 63, 563, 45, 2, 11, 22, 37, 52, 28, 6, 4, 0, 140, 41, 152, 197, 62, 58, 9, 28, 218, 0, 4, 139, 108, 532, 619, 123, 2, 11, 1, 224, 42, 8, 0, 5, 3, 2, 420, 67, 555, 26, 65, 77, 293, 42, 80, 61, 38, 3, 16, 3, 31, 38, 326, 1364, 374, 446, 617, 423, 14, 227, 78, 54, 136, 74, 117, 17, 8, 4, 24, 135, 2882, 79, 198, 30, 11515, 3, 19], [216, 0, 3, 1, 1, 1, 0, 0, 0, 0, 0, 0, 0, 1, 0, 10, 10, 0, 0, 1, 0, 0, 0, 0, 1, 0, 13, 1, 11, 0, 0, 0, 2, 0, 0, 0, 0, 0, 0, 130, 0, 52, 0, 0, 1, 14, 0, 0, 0, 0, 0, 0, 0, 0, 10, 0, 33, 10, 3, 9, 8, 49, 7, 2, 0, 1, 2, 6, 3, 2, 0, 132, 1, 75, 8, 11, 2, 3, 9, 37], [2012, 6, 36, 0, 0, 0, 0, 1, 4, 1, 0, 0, 0, 15, 10, 111, 25, 5, 0, 0, 0, 0, 0, 0, 9, 6, 60, 12, 2, 0, 1, 0, 2, 0, 0, 0, 0, 0, 2, 1782, 8, 1021, 10, 30, 210, 112, 0, 1, 0, 1, 0, 0, 0, 1, 0, 0, 106, 35, 95, 54, 33, 391, 19, 6, 4, 5, 7, 35, 9, 4, 0, 1027, 10, 352, 28, 87, 40, 19, 37, 2565]]